0,463
0,462
0,461
0,460
0,459
0,458
0,457
0,456
0,455
58,6
58,5
58,4
58,3
58,2
0,454
0,453
0,452
58,1
58,0
0,451
0,450
0,449
0,448
0,447
0,446
57,5
57,4
57,3
57,2
57,1
57,0
0,445
0,444
0,443
0,442
0,441
0,440
0,439
56,5
56,4
56,3
56,2
0,438
56,1
56,0
0,437
0,436
0,435
0,434
55,5
55,4
55,3
55,2
55,1
55,0
54,5
54,4
54,3
54,2
54,1
54,0
53,11
53,10
53,9
53,8
53,7
53,6
53,5
53,4
53,3
53,2
53,1
53,0
0,433
52,7
52,6
52,5
52,4
52,3
52,2
52,1
52,0
0,432
0,431
0,430
0,429
51,15
51,14
51,13
51,12
51,11
51,10
51,9
51,8
51,7
51,6
51,5
51,4
51,3
51,2
51,1
51,0
0,428
0,427
0,426
0,425
0,424
0,423
0,422
0,421
0,420
0,419
14,7
0,418
0,417
50,4
50,3
50,2
50,1
50,0
0,416
0,415
0,414
0,413
0,412
0,411
0,410
0,409
0,408
14,6
0,407
0,406
49,8
49,7
49,6
49,5
49,4
49,3
49,2
0,405
49,1
49,0
0,404
0,403
0,402
0,401
0,400
0,399
0,398
0,397
0,396
0,395
48,5
48,4
48,3
48,2
0,394
48,1
48,0
0,393
0,392
0,391
0,390
0,389
0,388
47,7
47,6
47,5
47,4
47,3
47,2
